[gd_scene load_steps=7 format=3 uid="uid://dtrkpvs5x36up"]

[ext_resource type="Script" path="res://NPC_Spawner.gd" id="1_2xd5b"]
[ext_resource type="Curve3D" uid="uid://v0rdsivqy80d" path="res://Curves/curve1.tres" id="2_y46yk"]

[sub_resource type="Curve3D" id="Curve3D_0annh"]
_data = {
"points": PackedVector3Array(0, 0, 0, 0, 0, 0, 4.97593, -3.91006e-05, -8.07294, 0, 0, 0, 0, 0, 0, 3.47536, -3.91006e-05, -8.03037, 0, 0, 0, 0, 0, 0, 3.57114, -3.91006e-05, -6.1786, 0, 0, 0, 0, 0, 0, 3.93298, -3.91006e-05, -4.1672, 0, 0, 0, 0, 0, 0, 3.46539, -0.0509615, -2.86737, 0, 0, 0, 0, 0, 0, 3.93298, -3.91006e-05, -1.60239, 0, 0, 0, 0, 0, 0, 3.02296, 0.101697, 0.274187, 0, 0, 0, 0, 0, 0, 2.96138, 0.161917, 1.67132, 0, 0, 0, 0, 0, 0, 1.25514, -3.91006e-05, 1.92831),
"tilts": PackedFloat32Array(0, 0, 0, 0, 0, 0, 0, 0, 0)
}
point_count = 9

[sub_resource type="Curve3D" id="Curve3D_wxf4e"]
_data = {
"points": PackedVector3Array(0, 0, 0, 0, 0, 0, -7.70702, 4.55051, 2.17354, 0, 0, 0, 0, 0, 0, -3.87039, 4.57816, 2.07368, 0, 0, 0, 0, 0, 0, -4.25751, 4.61273, -0.888231, 0, 0, 0, 0, 0, 0, -3.90979, 4.58773, -2.96624, 0, 0, 0, 0, 0, 0, -3.52475, 4.61273, -5.57183, 0, 0, 0, 0, 0, 0, -2.95098, 4.58508, -7.72954, 0, 0, 0, 0, 0, 0, -0.374661, 4.56528, -8.11435, 0, 0, 0, 0, 0, 0, 0.00771451, 4.55051, -5.03972, 0, 0, 0, 0, 0, 0, -1.69976, 4.61273, -1.87895, 0, 0, 0, 0, 0, 0, -1.53489, 4.57921, 2.03051),
"tilts": PackedFloat32Array(0, 0, 0, 0, 0, 0, 0, 0, 0, 0)
}
point_count = 10

[sub_resource type="Curve3D" id="Curve3D_rncnd"]
_data = {
"points": PackedVector3Array(0, 0, 0, 0, 0, 0, 3.42501, 4.19617e-05, 1.64579, 0, 0, 0, 0, 0, 0, -0.513226, 4.19617e-05, 1.24039, 0, 0, 0, 0, 0, 0, -0.0933409, 4.19617e-05, -1.6409, 0, 0, 0, 0, 0, 0, -0.484269, 4.19617e-05, -2.90056, 0, 0, 0, 0, 0, 0, -1.06342, 4.19617e-05, -5.43435, 0, 0, 0, 0, 0, 0, -0.788325, 4.19617e-05, -7.41795, 0, 0, 0, 0, 0, 0, -1.51227, 4.19617e-05, -8.33011, 0, 0, 0, 0, 0, 0, -3.38003, 4.19617e-05, -8.17085, 0, 0, 0, 0, 0, 0, -3.58274, 4.19617e-05, -6.37547, 0, 0, 0, 0, 0, 0, -3.59721, 4.19617e-05, -1.11966, 0, 0, 0, 0, 0, 0, -4.26324, 4.19617e-05, 0.921852, 0, 0, 0, 0, 0, 0, -3.42347, 4.19617e-05, 1.96433),
"tilts": PackedFloat32Array(0, 0, 0, 0, 0, 0, 0, 0, 0, 0, 0, 0)
}
point_count = 12

[sub_resource type="Curve3D" id="Curve3D_dtelw"]
_data = {
"points": PackedVector3Array(0, 0, 0, 0, 0, 0, -7.75266, -2.14577e-05, -8.02604, 0, 0, 0, 0, 0, 0, -6.05864, -2.14577e-05, -8.06948, 0, 0, 0, 0, 0, 0, -3.78546, -2.14577e-05, -8.43145, 0, 0, 0, 0, 0, 0, -0.947613, -2.14577e-05, -8.46041, 0, 0, 0, 0, 0, 0, 0.73193, -2.14577e-05, -8.30114, 0, 0, 0, 0, 0, 0, 1.68753, -2.14577e-05, -8.46041, 0, 0, 0, 0, 0, 0, 2.36804, -2.14577e-05, -5.28955, 0, 0, 0, 0, 0, 0, 2.33908, -2.14577e-05, -0.960381, 0, 0, 0, 0, 0, 0, 1.83232, -2.14577e-05, 0.603331, 0, 0, 0, 0, 0, 0, 1.6441, -2.14577e-05, 1.38519, 0, 0, 0, 0, 0, 0, -2.85882, -2.14577e-05, 1.81955),
"tilts": PackedFloat32Array(0, 0, 0, 0, 0, 0, 0, 0, 0, 0, 0)
}
point_count = 11

[node name="NPC_Spawner" type="Node3D"]
script = ExtResource("1_2xd5b")

[node name="SpawnPath1" type="Path3D" parent="."]
transform = Transform3D(1, 0, 0, 0, 1, 0, 0, 0, 1, 0, -0.0547569, 0)
curve = ExtResource("2_y46yk")

[node name="SpawnLocation" type="PathFollow3D" parent="SpawnPath1" groups=["npc"]]
transform = Transform3D(-0.136282, 0.027829, -0.990257, 0.0277739, 0.999279, 0.0242607, 0.99016, -0.0241993, -0.136976, -1.49012e-08, 0, -2)
progress = 15.4607
loop = false

[node name="SpawnPath2" type="Path3D" parent="."]
transform = Transform3D(1, 0, 0, 0, 1, 0, 0, 0, 1, 0.568967, 0.206522, -3.95009)
curve = SubResource("Curve3D_0annh")

[node name="SpawnLocation" type="PathFollow3D" parent="SpawnPath2"]
transform = Transform3D(-0.151979, -0.0872807, 0.984442, 0.0338587, 0.994953, 0.093443, -0.987702, 0.0475373, -0.148274, 1.25514, -3.90997e-05, 1.92831)
progress = 13.352
loop = false

[node name="SpawnPath3" type="Path3D" parent="."]
transform = Transform3D(1, 0, 0, 0, 1, 0, 0, 0, 1, 2.17221, -4.56603, -4.01499)
curve = SubResource("Curve3D_wxf4e")

[node name="SpawnLocation" type="PathFollow3D" parent="SpawnPath3"]
transform = Transform3D(-0.99803, 0.0454708, -0.0421295, 0.0451515, 0.998837, 0.00856377, 0.0424765, 0.00664494, -0.998979, -1.53489, 4.57921, 2.03051)
progress = 27.0087
loop = false

[node name="SpawnPath4" type="Path3D" parent="."]
transform = Transform3D(1, 0, 0, 0, 1, 0, 0, 0, 1, 2.17221, 0.0237558, -4.01499)
curve = SubResource("Curve3D_rncnd")

[node name="SpawnLocation" type="PathFollow3D" parent="SpawnPath4"]
transform = Transform3D(-0.778676, 0, -0.627245, 0, 0.999906, 0, 0.627267, 0, -0.778649, -3.42347, 4.19617e-05, 1.96433)
progress = 26.3792
loop = false

[node name="SpawnPath5" type="Path3D" parent="."]
transform = Transform3D(1, 0, 0, 0, 1, 0, 0, 0, 1, 2.17221, -0.100704, -4.01499)
curve = SubResource("Curve3D_dtelw")

[node name="SpawnLocation" type="PathFollow3D" parent="SpawnPath5"]
transform = Transform3D(-0.0960084, 0, 0.995267, 0, 0.999906, 0, -0.995289, 0, -0.0960063, -2.85882, -2.14577e-05, 1.81955)
progress = 24.0344
loop = false
