[gd_scene load_steps=5 format=3 uid="uid://dtrkpvs5x36up"]

[ext_resource type="Script" path="res://NPC_Spawner.gd" id="1_2xd5b"]
[ext_resource type="Curve3D" uid="uid://v0rdsivqy80d" path="res://Curves/curve1.tres" id="2_y46yk"]

[sub_resource type="Curve3D" id="Curve3D_0annh"]
_data = {
"points": PackedVector3Array(0, 0, 0, 0, 0, 0, 4.97593, -3.91006e-05, -8.07294, 0, 0, 0, 0, 0, 0, 3.47536, -3.91006e-05, -8.03037, 0, 0, 0, 0, 0, 0, 3.57114, -3.91006e-05, -6.1786, 0, 0, 0, 0, 0, 0, 3.93298, -3.91006e-05, -4.1672, 0, 0, 0, 0, 0, 0, 3.46539, -0.0509615, -2.86737, 0, 0, 0, 0, 0, 0, 3.93298, -3.91006e-05, -1.60239, 0, 0, 0, 0, 0, 0, 3.02296, 0.101697, 0.274187, 0, 0, 0, 0, 0, 0, 2.96138, 0.161917, 1.67132, 0, 0, 0, 0, 0, 0, 1.25514, -3.91006e-05, 1.92831),
"tilts": PackedFloat32Array(0, 0, 0, 0, 0, 0, 0, 0, 0)
}
point_count = 9

[sub_resource type="Curve3D" id="Curve3D_wxf4e"]
_data = {
"points": PackedVector3Array(0, 0, 0, 0, 0, 0, -7.70702, 4.55051, 2.17354, 0, 0, 0, 0, 0, 0, -3.87039, 4.57816, 2.07368, 0, 0, 0, 0, 0, 0, -4.25751, 4.61273, -0.888231, 0, 0, 0, 0, 0, 0, -3.90979, 4.58773, -2.96624, 0, 0, 0, 0, 0, 0, -3.52475, 4.61273, -5.57183, 0, 0, 0, 0, 0, 0, -2.95098, 4.58508, -7.72954, 0, 0, 0, 0, 0, 0, -0.374661, 4.56528, -8.11435, 0, 0, 0, 0, 0, 0, 0.00771451, 4.55051, -5.03972, 0, 0, 0, 0, 0, 0, -1.69976, 4.61273, -1.87895, 0, 0, 0, 0, 0, 0, -1.53489, 4.57921, 2.03051),
"tilts": PackedFloat32Array(0, 0, 0, 0, 0, 0, 0, 0, 0, 0)
}
point_count = 10

[node name="NPC_Spawner" type="Node3D"]
script = ExtResource("1_2xd5b")

[node name="SpawnPath1" type="Path3D" parent="."]
curve = ExtResource("2_y46yk")

[node name="SpawnLocation" type="PathFollow3D" parent="SpawnPath1" groups=["npc"]]
transform = Transform3D(-0.136287, 0.0278293, -0.990255, 0.0277748, 0.99929, 0.0242606, 0.990195, -0.0241996, -0.136976, -1.49012e-08, 0, -2)
progress = 15.4607
loop = false

[node name="SpawnPath2" type="Path3D" parent="."]
transform = Transform3D(1, 0, 0, 0, 1, 0, 0, 0, 1, 0.568967, 0.261279, -3.95009)
curve = SubResource("Curve3D_0annh")

[node name="SpawnLocation" type="PathFollow3D" parent="SpawnPath2"]
transform = Transform3D(-0.151986, -0.0872809, 0.984442, 0.0338603, 0.994955, 0.0934429, -0.987749, 0.0475373, -0.148274, 1.25514, -3.90997e-05, 1.92831)
progress = 13.352
loop = false

[node name="SpawnPath3" type="Path3D" parent="."]
transform = Transform3D(1, 0, 0, 0, 1, 0, 0, 0, 1, 2.17221, -4.51127, -4.01499)
curve = SubResource("Curve3D_wxf4e")

[node name="SpawnLocation" type="PathFollow3D" parent="SpawnPath3"]
transform = Transform3D(-0.998032, 0.0454713, -0.04213, 0.0451515, 0.998849, 0.00856389, 0.0424766, 0.00664502, -0.998992, -1.53489, 4.57921, 2.03051)
progress = 27.0087
loop = false
